42,-1,-1,1,c
44,-1,-1,1,o
40,-1,-1,1,m
48,-1,-1,1,e
42,-1,-1,1,n
43,-1,-1,1,t
50,-1,-1,1, 
43,-1,-1,1,a
41,-1,-1,1,l
30,-1,-1,1,z
30,-1,-1,1,v
36,-1,-1,1,u
39,-1,-1,1,s
35,-1,-1,1,i
29,-1,-1,1,,
35,-1,-1,1,j
41,-1,-1,1,d
36,-1,-1,1,g
34,-1,-1,1,'
29,-1,-1,1,x
34,-1,-1,1,r
28,-1,-1,1,p
33,-1,-1,1,+
33,-1,-1,1,f
28,-1,-1,1,1
27,-1,-1,1,0
27,-1,-1,1,5
32,26,25,2,50
32,24,21,2,1p
31,19,14,2,x,
31,10,9,2,vz
39,30,29,4,vzx,
38,28,27,4,1p50
38,23,22,2,f+
37,20,18,2,r'
37,15,13,2,ji
40,17,11,2,gu
45,35,34,4,jir'
45,33,32,6,f+1p50
44,31,12,5,vzx,s
46,36,2,3,gum
47,16,8,2,dl
46,4,0,2,nc
47,7,5,2,at
48,39,1,6,vzx,so
49,38,37,10,f+1p50jir'
49,42,40,5,ncgum
50,43,41,4,atdl
51,44,3,7,vzx,soe
51,46,45,15,ncgumf+1p50jir'
52,47,6,5,atdl 
52,49,48,22,ncgumf+1p50jir'vzx,soe
-1,51,50,27,ncgumf+1p50jir'vzx,soeatdl 
