48,-1,-1,1,V
77,-1,-1,1,o
51,-1,-1,1,y
85,-1,-1,1,e
53,-1,-1,1,z
60,-1,-1,1,-
70,-1,-1,1,v
81,-1,-1,1,u
77,-1,-1,1,s
75,-1,-1,1,,
87,-1,-1,1, 
78,-1,-1,1,n
71,-1,-1,1,p
82,-1,-1,1,a
80,-1,-1,1,r
69,-1,-1,1,f
74,-1,-1,1,m
82,-1,-1,1,i
79,-1,-1,1,l
59,-1,-1,1,.
73,-1,-1,1,

48,-1,-1,1,R
67,-1,-1,1,b
79,-1,-1,1,t
67,-1,-1,1,'
72,-1,-1,1,c
59,-1,-1,1,C
56,-1,-1,1,Q
71,-1,-1,1,d
65,-1,-1,1,g
58,-1,-1,1,E
56,-1,-1,1,D
64,-1,-1,1,h
66,-1,-1,1,q
52,-1,-1,1,N
52,-1,-1,1,S
57,-1,-1,1,P
55,-1,-1,1,A
55,-1,-1,1,x
58,-1,-1,1,L
51,-1,-1,1,F
50,-1,-1,1,j
47,-1,-1,1,?
47,-1,-1,1,!
46,-1,-1,1,O
46,-1,-1,1,I
50,45,44,2,IO
49,43,42,2,!?
49,21,0,2,RV
54,48,47,4,RV!?
54,46,41,3,IOj
53,40,2,2,Fy
57,35,34,2,SN
60,51,4,3,Fyz
62,50,49,7,IOjRV!?
61,38,37,2,xA
61,31,27,2,DQ
62,52,36,3,SNP
63,39,30,2,LE
63,26,19,2,C.
64,53,5,4,Fyz-
65,56,55,4,DQxA
66,57,54,10,SNPIOjRV!?
68,59,58,4,C.LE
68,60,32,5,Fyz-h
69,61,29,5,DQxAg
70,62,33,11,SNPIOjRV!?q
72,24,22,2,'b
73,64,63,9,Fyz-hC.LE
74,65,15,6,DQxAgf
75,66,6,12,SNPIOjRV!?qv
76,28,12,2,dp
76,67,25,3,'bc
78,68,20,10,Fyz-hC.LE

80,69,16,7,DQxAgfm
81,70,9,13,SNPIOjRV!?qv,
83,72,71,5,'bcdp
83,8,1,2,so
84,73,11,11,Fyz-hC.LE
n
84,23,18,2,tl
85,74,14,8,DQxAgfmr
86,75,7,14,SNPIOjRV!?qv,u
86,17,13,2,ia
87,77,76,7,so'bcdp
88,79,78,13,tlFyz-hC.LE
n
88,80,3,9,DQxAgfmre
89,82,81,16,iaSNPIOjRV!?qv,u
89,83,10,8,so'bcdp 
90,85,84,22,DQxAgfmretlFyz-hC.LE
n
90,87,86,24,so'bcdp iaSNPIOjRV!?qv,u
-1,89,88,46,so'bcdp iaSNPIOjRV!?qv,uDQxAgfmretlFyz-hC.LE
n
